922,333.00
922,490.00
921,885.00
921,1011.00
921,510.00
921,809.00
920,334.00
921,905.00
920,967.00
919,495.00
921,1017.00
921,926.00
916,585.00
915,967.00
915,820.00
915,752.00
914,341.00
913,528.00
912,826.00
912,324.00
911,676.00
912,325.00
912,321.00
912,321.00
912,350.00
915,359.00
918,304.00
915,255.00
915,172.00
914,234.00
914,243.00
914,244.00
914,130.00
913,234.00
913,227.00
913,222.00
913,131.00
912,115.00
912,159.00
912,276.00
912,264.00
911,291.00
911,282.00
910,261.00
910,266.00
910,160.00
909,164.00
910,101.00
909,58.00
909,0.00
908,0.00
907,0.00
907,0.00
906,0.00
905,0.00
905,0.00
904,0.00
903,0.00
902,0.00
901,0.00
901,0.00
900,0.00
899,0.00
899,0.00
898,0.00
898,0.00
897,0.00
896,6.00
896,126.00
894,113.00
894,100.00
893,204.00
892,313.00
891,307.00
891,295.00
890,309.00
889,312.00
888,350.00
889,347.00
888,316.00
887,318.00
885,357.00
960,346.00
959,345.00
958,351.00
957,335.00
956,247.00
955,333.00
954,320.00
952,317.00
951,360.00
949,330.00
948,398.00
946,331.00
945,343.00
943,325.00
941,275.00
939,258.00
936,219.00
934,233.00
931,207.00
928,228.00
924,274.00
921,230.00
917,227.00
915,81.00
912,50.00
909,222.00
906,270.00
904,364.00
902,763.00
900,540.00
898,689.00
896,376.00
895,925.00
894,633.00
891,562.00
887,994.00
884,312.00
881,306.00
878,305.00
875,307.00
873,320.00
870,417.00
868,300.00
865,305.00
862,658.00
859,435.00
855,390.00
852,299.00
849,295.00
846,506.00
842,290.00
838,288.00
835,440.00
831,415.00
828,402.00
825,418.00
821,390.00
818,295.00
815,440.00
811,332.00
807,386.00
802,408.00
799,277.00
796,278.00
791,350.00
787,276.00
782,341.00
778,282.00
775,266.00
770,345.00
767,450.00
758,272.00
759,260.00
757,493.00
754,408.00
752,565.00
751,272.00
749,638.00
748,264.00
747,258.00
800,427.00
799,278.00
796,832.00
795,289.00
793,443.00
738,608.00
739,258.00
735,589.00
736,705.00
735,491.00
733,252.00
732,543.00
730,250.00
729,246.00
728,244.00
726,431.00
724,270.00
724,509.00
723,248.00
722,395.00
722,465.00
722,243.00
722,454.00
721,345.00
721,547.00
720,248.00
720,485.00
720,540.00
719,250.00
718,291.00
717,431.00
716,242.00
716,244.00
715,518.00
714,245.00
714,363.00
713,245.00
712,466.00
711,286.00
711,244.00
710,238.00
710,433.00
709,236.00
708,236.00
707,252.00
707,240.00
706,235.00
705,397.00
705,376.00
704,565.00
703,240.00
702,315.00
702,482.00
701,233.00
700,525.00
699,237.00
699,619.00
698,567.00
697,254.00
696,253.00
696,468.00
695,581.00
694,238.00
693,229.00
693,487.00
692,248.00
691,244.00
690,500.00
690,235.00
689,470.00
688,230.00
687,235.00
687,228.00
686,228.00
685,229.00
685,227.00
685,498.00
684,241.00
684,448.00
683,472.00
682,338.00
681,350.00
684,288.00
681,317.00
682,229.00
679,232.00
678,393.00
681,587.00
680,484.00
681,435.00
679,232.00
679,539.00
678,551.00
678,558.00
677,227.00
678,549.00
675,226.00
675,531.00
673,229.00
674,247.00
673,476.00
672,248.00
672,495.00
671,272.00
671,506.00
670,226.00
669,330.00
668,226.00
668,556.00
667,473.00
666,227.00
666,447.00
665,237.00
664,506.00
664,470.00
663,442.00
663,288.00
662,224.00
661,694.00
661,224.00
660,640.00
660,620.00
658,219.00
658,489.00
657,257.00
657,289.00
656,286.00
655,218.00
655,218.00
654,487.00
653,381.00
652,222.00
651,600.00
651,239.00
650,320.00
649,231.00
648,517.00
647,242.00
646,228.00
646,225.00
645,220.00
644,324.00
643,214.00
642,429.00
641,365.00
640,298.00
639,214.00
638,219.00
637,215.00
636,258.00
634,214.00
633,252.00
632,207.00
630,210.00
629,212.00
628,225.00
626,227.00
745,318.00
743,257.00
740,251.00
739,323.00
736,318.00
734,319.00
733,268.00
714,279.00
731,298.00
706,312.00
728,340.00
727,317.00
725,336.00
724,331.00
722,328.00
721,331.00
720,314.00
719,341.00
718,331.00
717,335.00
716,329.00
715,325.00
713,321.00
712,326.00
711,381.00
710,388.00
708,377.00
682,315.00
706,387.00
704,375.00
703,386.00
701,383.00
700,380.00
698,361.00
697,404.00
695,402.00
694,365.00
693,386.00
690,368.00
690,345.00
688,364.00
686,340.00
684,343.00
682,352.00
680,347.00
679,327.00
673,328.00
667,330.00
659,322.00
653,324.00
651,279.00
650,319.00
649,323.00
646,336.00
642,327.00
648,0.00
647,0.00
645,0.00
643,0.00
642,0.00
640,0.00
593,0.00
638,0.00
637,0.00
634,0.00
635,0.00
634,0.00
632,0.00
631,0.00
629,0.00
629,0.00
627,0.00
626,0.00
625,0.00
624,0.00
622,0.00
622,0.00
621,0.00
620,0.00
619,0.00
614,0.00
618,0.00
617,0.00
616,0.00
616,0.00
616,0.00
615,0.00
593,0.00
614,0.00
574,0.00
563,0.00
559,0.00
614,0.00
614,0.00
614,0.00
614,0.00
613,0.00
613,0.00
613,0.00
606,0.00
612,0.00
614,0.00
612,0.00
613,0.00
613,0.00
613,0.00
613,0.00
613,0.00
616,0.00
616,0.00
616,0.00
616,0.00
616,0.00
617,0.00
617,0.00
616,0.00
617,0.00
617,0.00
618,0.00
618,0.00
618,0.00
617,0.00
618,0.00
618,0.00
618,0.00
45,0.00
621,0.00
620,0.00
620,0.00
617,0.00
617,0.00
616,0.00
616,0.00
616,0.00
616,0.00
616,0.00
618,0.00
616,0.00
615,0.00
615,0.00
614,0.00
614,0.00
614,0.00
614,0.00
614,0.00
614,0.00
614,0.00
614,0.00
610,0.00
615,0.00
615,0.00
615,0.00
615,0.00
615,0.00
623,0.00
620,0.00
5,0.00
4,0.00
4,0.00
4,0.00
4,0.00
4,0.00
3,0.00
4,0.00
4,0.00
4,0.00
4,0.00
4,0.00
4,0.00
4,0.00
4,0.00
4,0.00
4,0.00
4,0.00
4,0.00
4,0.00
4,0.00
